29.698098062955
76.7293216662693
7.45315660588562
32.6147635288027
58.8302138036606
31.4808850013522
42.2331172604299
119.943472091258
95.9209190979655
40.48427202763
35.3300415098427
75.1159947271777
84.5752700895491
10.4985424649511
23.144299425624
87.4235960859211
94.2212810073338
91.4272235510067
15.3609559502114
101.067977723067
20.7403467811731
19.0282324909541
69.0731439187107
23.4435550704481
49.2766892509931
107.232813224308
18.8701765937137
27.8031122296681
15.6354077660287
164.512454182295
104.644743903744
29.6136831612003
23.0141119222844
34.5597377113266
17.4426887307462
85.5988408500228
23.9757100964464
66.5290096123231
19.1778257827514
626.958161542159
81.4690269882311
26634.3397546495
152.033267912175
12.2809543312491
1189.33056668083
269.255646701921
41.3398464754696
19.9437545356233
30.5145214131199
151.386183700111
366.114993724042
9.03821000674673
224.506887267146
55.2975424645759
19.9938265307373
443.700508213411
55.4738688980933
842.898111957464
5.90516574124536
32.2208959584585
38.5889557856762
165.872929253661
868.766229165941
37.2265726067947
65.7083134295816
51.5057565138883
61.0133499752245
31.196260045663
70.4011931632098
95.3573468628391
57.098458482422
12.9802859504496
9.05739718205413
33.1237721809175
371.816722353352
29.2994330807245
204.607624083787
196.280192604506
288.152478546416
7.68688934114633
264.196991956621
11.8156692758701
25.8204101328022
126.87667633999
3.81846595282967
220.828090093271
185.732702090654
4.98435013308362
5.21563693586691
24.0217429111671
9.54026276730124
13.2634266693861
52.3402965145995
97.6824709282491
179.308987560738
45.731290894077
16.6404708386404
19.8789650325084
51.7371016760824
26.0776221470165
30.9848047460414
106.880632570941
189.57430688145
169.6471394638
63.2730249560415
35.9862181203333
34.9286453876322
11.4353054506885
124.661888262573
734.063689009003
5.94336158022615
100.57976953269
27.2652861607843
27.0758219273562
62.7556915475972
20.2861934385095
137.536123731287
27.1666247752696
13.3312867705979
600.14847728107
99.4491434274172
57.709973249972
2409.40461225438
54.3690094779135
9.07410673229881
464.550646161244
59.1504836717157
21.3072431418659
64.686961183096
43.1680721561336
9198.084981859
6574.2699290606
51.7911941558399
27.8765615317635
5.79333659441085
141.524616913222
1941.48888784546
45.8736786720395
65.0381032922391
15.0931355458851
14.0566509337148
235.277832364394
274.48998121438
14.1495402101027
226.387535099317
23.8707243978297
567.864040767926
67.2414013395568
250.509044256152
11.992887554462
27.1178963746274
827.534738901015
88.0021304827577
49.9765451592989
112.304045020382
21.7159109472
89.4274780512685
55.8557997820653
30.7493457850398
11.1303180262602
123.832518770426
6.60781312803063
9479.90261355273
14527.2808304695
23.3183123145368
57.2928129527189
296.316086062725
908.82592549604
28.993445310839
77.0589696296922
8.66044476830155
20.1069323622629
167.744268646681
70.8722980793626
28.281443099499
104.302409384736
68.9956849719481
130.722050191822
379.480033963671
29.0210507060502
76.2633813642735
94.9311523328995
164.033748794196
6.58824991611026
41.7546214626811
530.408250106565
27.0125904569157
351.349617272286
10.5719809988816
83.4547568988427
73.4672990829108
88.6057096562077
82.2700472882152
115.751076158211
24.2573910154659
51.0202425822011
33.6965543931008
62.0751194087609
21.5533421520329
103.656216389124
81.6376682520568
15.8012578153081
1067.54665601187
236.543898766603
44.7223086865099
126.107453179059
15.9359945015542
5.20643858428137
282.289658210553
62.8065245060945
9.10473788188112
304.42913980592
32.5598771068251
28.8135824209252
362.288770826235
43.1433206437345
32.9330604876763
86.0201165035537
41.428926484868
3.61612991345522
112.765302338346
38.1633479703363
263.436265716637
140.54975333895
7.04663232448708
12.5712196612327
17.8546658003441
64.4049875936572
68.397899654311
92.138323575954
44.2870827034602
20.7185429081045
71.715161266686
62.5298901014356
40.8859740891323
201.330724060512
34.0426932262726
173.319402990121
215.189669465874
41.2719551254226
208.016839111545
167.227468079274
96.052453988314
21.3993969031747
107.092993736353
81.2039975982307
37.2706062224269
26.2630332888458
56.7571246580069
8.44644499024954
87.1417804623076
48.8644888522755
96.8528741225938
217.798949466396
4627.84594117925
93.4885942237438
40.0506062861425
24.1587882906091
21.4827600572488
23.1730370331638
91.2686239674058
37.6545588982832
12.4977684455033
168.334736027
62.765093142872
20.8039393862824
33.6589049026109
243.763155214143
145.910676001245
9.30019924034459
46.9139129487029
150.490772028594
287.241755185664
60.6296430718218
745.94528445947
1009.42467023459
37.4140931064951
42.8307025024794
19.6338627779417
17.8085767112718
123.965975904796
50.3337922755494
10.6037162442027
10.9651321952343
23.8808808587788
143.751733835186
575.779351032928
14.1183305722302
72.9319493322765
17.6019711268659
40.9474924395191
68.7443604352399
733.590686770542
189.867334251641
129.847226795721
47.6475272703068
37.2068578586263
32.9695163149439
72.9686090834583
513.845243661062
44.0944744752086
12.4846661597245
53.4615364700899
59.6511853368259
13.334201264891
57.3609529977742
12.2886820407323
82.4133383260025
54.4434644202875
79.1869953970793
197.428910624624
77.7256361840523
26.2894377177614
11.0709884542621
16.6121399583465
298.715988049596
123.604256869003
7.15203866075345
68.440496025596
7.9223931916728
25.4787777976508
13.723539726887
110.204088273155
34.6662549285783
36.7529717462591
53.7202504856592
13.0498093866971
103.415479203474
7913.73783527073
213.216981939938
25.172528462782
46.819035022016
43.8797123066168
56.3108951272497
212.202037055088
175.425889033081
21.5504210486729
46.151368602036
43.7713776512113
108.218250046421
149.897469579808
59.4965715668537
48.8050180425226
206.623479011164
10.8653908688942
83.9130130849034
110.045235595409
93.0163518683487
21.9153098750933
2319.80520451728
9.50918892557236
73.270934137941
171.162944388457
201.678973713427
23.2806452648805
61.9802944770431
4780.2753000865
58.6834048714718
52.7772690179823
140.624140403714
43.8432031227338
1120.8074800118
39.8174778846378
38.3200963572904
303.893168735831
354.165174142908
21.6968359006414
136.671486650124
540.553019642376
107.065825829096
167.820505163432
54.9809922976467
58.6706993059405
11.3830177187734
72.5702295348779
16.4339488763191
314.786098512946
105.166837101246
98.4776154347204
35.4089361402021
112.243746802778
290.469187290169
190.99987589617
27.7649063514656
48.3685210903072
175.162218827015
22.1474160464985
62.7076049433336
59.6380751883699
24.3396126238412
53.2556706306124
22.3207563064032
77.3246242884295
519.338661395243
187.254405043212
94.5022629492009
191.324605373864
904.400334939513
52.3682355940894
239.667128301489
222.317635881373
151.636916988502
48.8678264717183
104.351229919565
21.6681525618228
159.583742038942
17.8102438331328
16.1200334294411
81.9400211111577
34.7845162787104
26.6610522907077
51.0805918117679
55.4187146914188
820.452640995554
15.7624172098351
3473.70301817461
9248.10354748455
9788.99872125915
12.9926350657516
122.804573698877
48.5878942266694
64.1007681018679
63.8374403366683
201.403173283748
19.1220524421828
347.056680124704
672.322020308423
27.9194961205792
61.930433229198
10.5607773197795
41.9560254989345
582.057514178583
107.713485384757
45.3444944735899
14.7325653043398
424.181727196439
26.9023123908606
71.946076789197
33.5717307519186
29.013159507217
22.5234142988509
23.6606080532859
35.9418214610483
37.361029208876
473.143471217713
10.5915127146541
14.4347958780069
49.3909925605312
11.3454674315667
48.2687207223404
314.971505995256
20.7371898320837
64.339825299897
69.2672204410769
145.174544146677
29.4017568521085
50.9395619593995
249.258458466322
16.9290051155664
572.880361716963
27.0013173609368
169.028011882149
43.0584391995272
10.7708164828864
567.732229273025
55.0150487520973
21.1453830398863
4.1857180744505
54.6687108456506
88.7033019228329
47.1686963515395
4.92942546380869
21.3524025870676
41.8062645344407
62.2303774906833
25.4022256549749
45.2142844730377
5.69902254797468
3.27548178410855
14.8941702030608
192.237950210772
23.7518481543626
1240.02151980028
1747.40847873769
39.0993377925765
223.355115895564
203.436192844874
127.451289173039
39.9416245382392
103.724339518728
72.7554725124548
29.8607388664292
2161.2109076055
104.29538067112
2738.4614649823
30.4965719637027
13.2700567275511
59.0522556384969
91.1664796369215
34.4119139213162
17.4532934699618
289.973902653441
35.4610871292663
568.29085033746
105.598384337883
120.572000906217
91.0001586660489
62.4657512963885
3.82872047678244
3.79134808247993
5.82794952476606
79.3172301966378
197.742761358324
4.16917472155272
124.772473153086
1536.36919438314
9.65858643336445
51.7238460714942
64.5832542173528
78.5697895390036
3.79267988237906
20.9052872378682
35.0284177505091
19.01873899764
27.3315704774892
212.547889690979
354.542186339737
16.9489029392556
20.4369223870484
3.52561622056052
731.232120774649
1188.43288078411
120.467986859213
51.4695376106053
1016.56621143119
3.33927965200963
5.65066428676409
288.278804501398
32.2765552021581
84.2196775894426
18.4508336953371
33.0580404379323
150.484162820593
111.024506189834
7.12343944913656
47.228799451086
39.1978332714794
34.3966561270129
55.7705936626791
146.117890785467
34.0274807665309
11.7477420534125
69.3691927400661
121.910224341841
55.8588972316489
10.7684068811246
30.1113038026502
