36.7287233777426
177.299205169079
9.78407834403539
49.7907904770349
48.2310946408938
10.3716912910821
6.68535523396859
18.0690337873312
40.6690001606415
131.187565533426
55.9940150801527
78.6801074084971
8.90947385680056
50.3957573932752
26.7936310766717
30.0802478666629
145.414048833152
71.4268907548981
7.61259711697457
144.785245282635
142.266657175279
30.2978605823253
77.8008710821695
69.7042621789475
21.4758342593639
19.4614535793534
40.8232872987796
32.6792716749635
104.557004974873
44.1482124310009
34.353872931221
67.700256840078
45.8548433939879
35.6440372864549
26.1317883121207
32.4643575452067
102.481219532449
110.130969000617
14.4570649932211
74.6432214224869
55.2953722054411
163.907285930191
9.92027028098349
50.1896770561778
32.8477652064494
17.9292981615463
34.43571026113
153.401658403547
17.0073074594796
19.3672056312044
33.5601721196866
17.2194749938437
87.0908215750397
20.2847149101328
76.4146751128275
18.8257874427293
144.930219758952
48.0955541154288
13.6633961043086
24.579100454597
20.7049846733858
105.362529859894
17.0485563134816
12.9891264420837
36.1855709261145
19.3056683239468
61.308328930086
32.3843304097998
81.866319158179
43.5468366414119
28.7708443162519
80.9250581278343
104.491558078525
15.4004899312128
38.0070008505133
6.57241013240708
73.2847372348454
29.0951302070554
14.8370495134968
19.9951876844359
18.5188669314625
11.0555825180698
105.178412802299
14.9124246650724
62.516082146672
51.4195722337173
9.97543140741659
23.752806587348
46.1593903449299
9.8524553916317
122.924502956074
47.7826751241204
71.1166993504988
19.0351804617079
20.0414883561137
28.5247680128671
51.9732003350247
41.2549605435023
121.058672097635
73.1698778382918
228.5840903516
65.7861281935604
66.738560915541
14.917477165354
27.1496376688265
13.6039803149056
12.8025038750004
37.7833809985338
37.6018483177793
136.69104272939
130.127141064013
24.709460870793
8.49974176550583
493.806934529836
36.0960384283877
33.2217755316985
80.8893133083957
11.7370547503122
38.8427682620331
60.4488792714762
14.3521971795241
41.6710338132087
35.0762834272147
5.36854131614221
31.709871821623
52.722388140088
22.8757380700129
80.9958839837551
51.1934038305564
36.0425391956847
9.62229284626102
28.4538440717799
56.5593034622665
33.1891490805261
84.8372404942491
60.9094678314579
150.147208437211
6.38131638247778
16.3161457071592
33.8309791480656
127.45661772137
71.1991038958706
125.541926491517
27.9310085324241
95.80559788662
92.625621396309
45.4042434001068
282.220468009546
22.7557767825895
160.429433155215
30.1279593257773
6.65908802757461
44.7575809783792
37.9932827145101
332.532641067236
47.0907544131105
159.540986913672
47.7899302941824
457.92968891419
69.2949704247093
54.8642820690614
90.7860603451412
11.2221610399309
136.901414218568
69.3253011017344
97.8998774474689
177.888628998206
1840.25600794428
82.6848865746345
19.4959254971129
235.254018137323
24.7032190703718
204.544723610881
6.99890404636218
9.03866093998107
176.298738708669
31.6698817734572
123.019751744866
80.4356818897776
19.8561078652576
150.014994906645
52.2024701289925
16.8019090495646
635.475223873784
8.86282116436068
710.819142247445
114.279898871889
3123.82213340292
20.1828748384582
28.5743910813875
889.649084766053
315.719071298606
48.52537149912
28.2402838399435
81.7451223985164
296.926420206742
30.8725930954733
46.5980685004689
30.058474109919
13.6821888324837
47.5058957953639
22.7299040352637
71.8869100486335
16.7122179689695
23.1757096027877
115.428404134699
70.968938751221
23.431292250269
301.504435038438
39.2433822601601
5.89070733818861
31.3346381343724
129.7905835405
18.6689241010312
73.5616553005188
149.529834553507
16.5402667772737
36.2535340285899
123.804058239753
28.2655362456463
23.6537005286915
19.0160983952335
291.535760720038
7.92959076298658
27.9068355987172
28.4482459082469
203.243436779259
21.6224691892035
2502.4988580374
24.9856689168254
68.6352476415918
11.3317647495288
146.251435896478
54.357755645353
29.7591768416685
139.489551289527
105.821405323877
48.3688348231237
27.3799130970237
37.3411338127573
26.1988717213495
47.3531088985285
46.6584498279783
329.522696190488
32.292740347283
85.457178724632
70.5885679540837
9.70570764717721
5.14556200849362
173.004546866605
78.8020301204026
47.7313940195039
151.05027909607
123.498730169479
5.71886933803656
76.3105463540529
20.5396864741048
25.1798896634079
81.6642967948119
555.691169410623
86.1200656461154
60.4041674138417
23.9541167222322
61.6218752692414
88.6197371612482
40.2876495490445
13.1405624871489
30.0841922077152
46.8203924111856
45.259098423866
14.7072989830201
17.0114410172847
5.26973416677912
6.87135028064876
81.0070192865499
203.804553252557
28.8227982140585
19.0233631180238
33.2007359481077
142.600156065079
50.6225941193701
8.41852608449832
24.294335510175
6.02149960465181
27.318244660339
230.930711206051
32.9671456739176
847.295374260772
639.321392151372
45.6453585775925
37.7229998151427
157.189622158725
63.5185615775984
57.709681370392
31.2143404262324
26.8424722979999
87.4820483783257
8.39721059404835
204.617017858206
129.741571954543
190.440495111407
109.792161047468
56.8272262918908
232.917212820713
45.0667634464029
14.3910769135639
77.9268341079176
27.4348663166339
19.9259072308219
396.10806375201
190.107861177824
12.8997040737656
78.1140851336227
16.1062871148423
44.9962171491811
58.6490389452204
179.538336565413
9.86835913697583
40.5984870043827
21.9474877726695
49.0101962076904
35.1832113387533
332.448704813459
101.298324832031
11.0831615133484
110.361590000677
17.1451031833524
63.6434848287641
39.0356460151047
17.6481743954132
52.0252380191454
11.7863418011892
10.8399699488024
72.3385552416707
49.067136390157
8.880981238403
71.6533468761008
30.7352985079133
25.6490496001646
7.98554589149701
125.831009960362
25.9962073713309
109.04656297527
60.0886187937448
33.0044623345236
36.4603290332771
240.811053327647
87.5721370696535
15.5590225344116
18.0054831208824
14.2015122253956
50.1046283695812
17.5364617198133
20.408961905982
53.564073771604
57.9610958041161
25.1213958606424
13.2224846570916
14.8357192804317
38.7705181909949
166.688345672695
31.2433645537553
75.4047068693261
29.1981285909503
88.2831752497328
4.31178037806146
28.1876800605907
12.9740497044546
20.1755694638823
40.3874394246603
30.2180820384431
25.7855381888725
360.690668429147
75.150954212389
70.9201549286927
139.198674838975
11.0954348492162
100.259746583326
14.2606625118993
34.3291478735594
153.926252267588
241.598372020537
8.92584045743537
26.3339807593543
26.2940307290695
20.0409173202371
32.0929870584647
30.1668504200112
41.5079790522541
6.14620979921004
8.99082419391257
64.5817787242225
7.46417995355198
94.4728730047223
27.9982258019867
16.0891884213573
12.3520533743682
2510.01503306209
40.3617419884191
198.568076484286
13.8671303646796
36.4663074819914
31.2145754050772
14.7828102238788
199.045465979831
27.3290168559079
13.2901438535738
28.9104131631069
17.7610046502916
215.174979826959
14.5623338598492
522.196652279853
51.8598440800758
123.187800265309
56.2869190854675
10.7203192550123
74.5236718608916
175.011845958437
26.8973750626237
22.0280475995509
62.2863266078607
691.099698742606
28.811603188549
44.1321549099705
54.5287865704066
995.791020677557
46.7595046940045
585.249194272805
16.9419508604198
247.199249292406
12.1033000916126
35.4330182236505
63.7510562180909
15.4685012295802
5.11084107937223
59.3337554259777
9.76830688135269
5.86834815481493
184.606933546486
5.24924697905426
75.4775053895851
23.9878334819457
17.9765218473127
5.69948520847961
45.7773890070374
1395.07990595273
26.8453977558102
22.7311315958585
116.965280279008
65.7543950208748
32.7012447730842
17.9490755999779
43.4287862714391
50.5910727105116
250.668032054057
17.8807510061903
6.03291769034549
7.50014858653747
7.27802479084774
84.7990540679286
6.56302222200439
35.7301148929123
16.0168660849326
47.5724614359218
98.2308990074285
119.663024705782
13.3946082858115
39.4493170981509
69.0776655594389
11.7130403938002
48.3202943250724
89.9496723915225
81.093432344491
22.6808628298406
121.58598329508
28.1139045265501
26.4505261007568
78.5659490200935
21.6827607104617
42.6585407384789
324.304000803775
9.50743901219496
27.9822502571585
82.8794632046126
36.3783112023059
5.5298511373883
3.73394405819364
9.74128187148874
41.5413577591062
271.201799587509
85.3538215363347
6.07099108596346
13.437783315326
124.820767163278
26.4716189993089
446.180134254457
209.932914270604
12.5755249390316
15.9664512192618
21.3284842439094
37.0933625199186
34.4704040703652
27.2091810159402
270.673290176312
53.7094039935631
48.5338651909343
15.477156660943
80.8390128759791
49.1720120958338
32.8804435594781
21.5866201471424
27.496734818083
14.9769955564776
5.51013773207805
25.7829203433499
228.476360220613
96.4714064841143
12.8951672266791
87.3993832841759
13.7371236991358
55.0563806919438
139.359056634744
38.2093315703695
584.953486845954
137.52705690674
44.2070606584686
43.8550978374927
64.143824159125
56.789065672914
20.2152925961255
6.06505492639354
157.395228655355
23.4445281370602
49.6533428672964
331.31844442786
12.5651964546315
262.48752202617
35.5204623476969
207.294820195039
69.5631829321399
688.726900521961
34.7177067316078
60.2410933491911
14.6297986128004
6.96161790648264
122.176921451982
9.65819844811532
10.5821524239186
27.9507146123103
9.67913495425987
60.3630306680304
11.878736783403
145.356012447938
455.156778274849
73.5042121845942
166.828400108666
159.51610623581
19.6956298160019
15.0329621821899
16.8300697949926
28.8245680656422
39.8051378407366
11.7541502945443
27.8870745931239
5.71006188703824
12.5905804927856
17.0181605854613
56.5822276701038
45.1653150411663
16.9974844686584
102.322010302315
25.7542498455387
28.2378997259116
8.06131499659089
48.9110860158283
156.145016060189
19.8981627071934
23.4684025960072
19.7725373405636
48.9494643072223
11.3719495795483
4.64858836298291
42.7123004303129
20.0140528768026
32.4558631621595
43.5645634151001
5.56958481820665
12.8125449647582
4.8648137917123
15.6512796465153
6.88067179802045
9.44394189273855
13.2532112065729
33.5857650545232
5.63025467390561
68.4407929633125
6.81424876586679
7.95579329974612
35.4883486153069
57.388632349544
5.44062483750763
4.59630712263308
22.1977214862531
32.0852061523724
71.7970981351334
24.7921731907723
18.5752392561791
5.43255669766024
6.89082589247897
17.3335178827199
62.3098560652162
34.087776620185
7.36434634580023
43.6574916957522
23.7321443323833
3.71852447442594
32.4296193425927
12.0322068253974
39.5298987793862
124.725565193518
9.15371430615955
5.32727097280171
51.8929911224738
3.94977285929776
19.4019873630128
73.6396130697056
11.2299634292011
15.5270245782916
3.5378641869892
202.561098176018
814.585127677986
7.73442804816484
21.102216024646
49.1672808873399
12.7168858730027
27.5160692399836
23.3460557126766
68.6755489977246
14.2569803668438
18.3146342979698
69.7868041637017
6.0755350259874
20.7178200163713
6.51194767149173
5.80998772130288
39.9343263227735
13.0902817263787
8.3649212199837
11.369461603035
3.84301577051994
3.90589452854658
36.7264569879237
29.2411001584178
61.6907268705759
158.69022934751
8.52524994673631
34.5180093702858
24.5054634468045
18.6159933216043
5.7103937017071
9.1978025570793
3.34683394596037
4.04002665214427
11.5396723500059
44.9402769478827
130.933768276872
11.4006086716593
37.9615450148396
289.377094979985
11.5244474731989
4.29032559541949
11.6238845173922
21.0958193688929
871.751902294399
25.5765585150147
16.2415235078049
3.56825602722173
97.6043694366248
115.105369206625
9.97229185925116
44.1089195266796
20.5691564138129
73.8458515824264
409.653277317568
74.6357609964225
15.1274311533056
10.8284193332189
56.5383375916956
12.4431702334269
156.365089836252
3.27465294889558
4.73502766440171
8.32172201610916
352.851905882738
21.974266363432
8.8441616767789
8.33258926274044
57.1599541041046
45.3665247919259
8.85645174759767
11.4552539789549
